
3. 001   2
6. 001   02



8. 01    012
10. 001  112
11. 01   2
12. 1    012
4. 1     12
1. 001   002
5. 001   012
7. 01    002
13. 01   02
14. 01   0112
15. 001  102
2. 001   12
9. 01    112

1 2 
001 012
01 12
1 02
1 12
001 002
001 02
01 002
01 012
01 02


01 02
001 12
01 2
1 02
1 12
1 ea
001 002
001 0112
01 0012
01 012
001 102
001 112
01 112
01 12
001 02
1 002
1 012
1 112
01 0112
1 0112

001 002
001 12
001 2
1 02
1 12
1 2
001 012
001 02
01 002
01 012
01 02
01 112
01 12
1 002
1 012
1 112
01 0112
1 0112


001 012
01 12
001 2
1 02
1 12
1 2
001 002
001 02
01 002
01 012
01 02
01 112
01 2
1 002
1 012
1 112
01 0112
01 02
01 12
01 0102
01 0112
1 0112
01 01102
01 012
01 012
1 012
1 02
01 102
1 12

001 002
0001 112
001 2
1 02
1 12
1 2
001 012
001 02
01 002
01 012
01 02
01 112
01 12
01 2
1 002
1 012
1 112
01 0112
01 012
01 12
01 0102
01 0112
1 0112
01 01102
01 012
01 02

0001 0012
001 12
0001 2
1 02
1 12
1 2
001 012
0001 02
01 002
01 012
01 02
01 112
01 12
0 12
1 002
1 012
1 112
01 0112
01 02
01 12
01 0102
01 0112
1 0112
01 01102
01 012


1 0112
1 002
1 112
1 012
1 12
1 02
1 2
01 0112
01 002
01 112
01 012
01 12
01 02
01 2
001 002
001 012
001 02
001 2
0001 112

001 12
